3 690
3 1205
3 1089
4 1569
4 1514
3 996
5 3926
1 200
26 18260
3 755
51 43033
8 4265
3 644
8 4364
3 884
4 1798
5 2395
4 1079
3 383
4 2182
2 256
5 1952
25 13846
6 4391
1 119
25 14899
6 1233
8 7729
3 851
1 188
4 1313
3 853
4 322
16 9481
10 8105
3 259
3 684
3 570
1 325
2 276
22 17164
3 590
4 1340
4 2523
5 2080
4 1032
1 79
4 2001
2 363
4 1501
10 6979
8 4936
4 1619
3 832
5 1501
28 14091
1 183
11 7865
5 2565
3 407
4 1490
3 1119
4 571
3 794
3 665
1 154
4 1326
3 492
7 4783
20 17230
5 1574
3 559
58 40428
6 3549
2 321
1 605
91 83540
2 1053
7 1560
1 438
24 12111
26 19260
1 1000
51 35127
9 3628
1 389
4 219
1 510
95 74773
14 5314
10 2283
9 987
4 1552
92 66276
18 9923
65 57771
5 2687
10 1353
11 5733
10 3125
7 3216
12 6559
46 34171
8 2660
4 1040
25 11637
12 4905
5 308
23 17005
5 506
43 22571
12 3083
14 4833
8 3419
6 1723
5 222
26 17913
13 7149
9 7435
54 35920
4 473
48 32910
3 457
4 1278
5 896
10 3930
5 4315
3 755
3 953
5 2738
5 908
4 737
9 1808
7 1873
4 1088
4 1257
5 1100
3 576
5 1732
7 1836
2 317
6 1473
4 634
3 685
10 3837
5 2412
6 1504
3 1612
3 578
6 2048
5 2772
4 1269
3 837
13 5161
25 14404
19 16295
5 2024
3 1729
9 4115
4 2279
41 28151
18 10339
3 529
22 9555
2 693
12 4672
7 2255
5 1538
9 2676
5 2113
4 895
15 7921
5 4253
11 3713
2 620
5 1763
10 4542
48 41597
69 62614
4 1924
6 2899
3 1018
2 588
11 8516
4 1321
14 5702
5 2064
7 4347
3 1320
222 188887
5 2648
20 11181
5 1919
5 3549
3 1078
14 6887
19 13875
5 3755
3 1338
6 2389
9 5306
5 2619
7 1556
7 2976
4 2223
11 4896
33 19589
25 17541
10 6611
81 51786
13 7381
2 218
7 4283
9 5630
3 833
5 4518
4 2188
3 1079
11 3192
2 503
96 83606
6 4987
4 1590
18 8197
11 7789
4 1659
4 3640
5 1930
3 1008
9 4199
3 1208
21 10016
4 1695
4 3354
45 28650
51 29837
5 1520
3 1279
2 818
5 1990
11 5089
9 3352
7 2558
7 4209
20 8723
4 2114
24 13991
6 4346
4 2055
7 6353
95 92237
8 4096
4 1642
2 791
54 25211
3 1301
26 14039
29 13999
6 2819
23 11911
13 3715
6 3926
14 3512
10 6002
14 4268
7 2803
34 23882
34 30086
6 2737
22 14322
3 738
3 1091
14 5585
87 68706
9 5372
16 7050
7 2961
2 802
4 1603
16 11639
7 4387
13 5631
13 3982
19 12978
10 4327
3 210
14 5110
12 3500
2 642
1 130
8 2795
11 5936
25 17950
10 3835
1 183
1 344
21 13199
31 21672
25 12027
1 18
32 20615
1 124
7 2290
14 4953
4 997
4 841
9 3628
15 7616
4 519
7 1379
3 1675
3 1507
1 86
19 11869
31 14783
9 3638
8 3259
6 1454
12 5268
4 775
5 835
10 2711
4 943
1 31
32 13761
4 1627
1 189
3 785
6 1751
4 534
7 1045
2 366
2 83
4 246
2 453
4 593
4 432
7 2660
3 1570
1 16
9 4233
11 6306
2 106
9 2059
38 21727
7 3451
5 1602
1 103
2 335
8 2738
1 51
33 21162
39 25021
46 23289
14 4796
7 3907
3 914
15 8090
3 919
3 141
2 69
5 940
3 763
7 3756
3 1580
6 2168
1 206
1 159
1 644
2 145
3 171
5 1181
42 19130
3 2012
6 1674
1 32
28 21358
1 47
3 1066
32 19187
44 27401
5 1128
4 1428
4 676
1 74
3 663
2 88
4 1724
15 9606
57 31851
5 2614
1 40
2 558
3 211
18 6710
3 241
9 3405
3 277
8 3656
3 869
1 102
3 664
4 497
23 10990
16 10802
5 1998
6 4496
6 1848
4 735
2 51
14 6825
3 1467
2 369
18 8882
3 567
3 911
7 1854
5 3306
14 6894
24 16070
4 1293
2 852
3 413
1 157
4 1136
5 1448
7 1969
4 738
9 2168
14 6070
8 2394
22 15634
3 186
39 23915
12 6128
2 144
4 285
6 1106
2 636
2 252
6 1158
21 10057
8 5483
3 860
6 826
1 46
1 204
7 2772
9 4804
1 31
3 199
28 19209
17 9545
2 357
10 3762
4 1237
3 255
6 2661
6 2797
37 23563
2 608
6 3378
9 3034
3 922
3 599
2 688
30 16189
4 346
21 14221
6 3499
3 378
5 1554
5 2238
1 31
1 219
4 1765
5 816
1 60
109 55986
12 4688
10 3910
3 283
6 2750
1 5
10 4728
18 10223
2 58
18 10079
14 7354
3 576
4 639
8 3022
18 9981
5 1358
1 201
64 30464
2 79
2 155
11 4883
1 20
10 3426
1 69
6 942
9 1988
1 84
15 10302
9 6799
67 30330
10 9292
2 232
4 1348
4 865
5 1160
9 4466
1 225
2 695
15 6495
8 5759
4 1118
41 23355
5 1529
2 514
8 2583
3 296
16 5865
8 3443
3 961
9 3225
4 425
19 7805
12 3740
16 5615
10 4165
5 1289
2 232
2 399
2 164
4 739
1 160
1 72
7 2533
29 16400
10 5888
4 1332
7 2266
32 19700
13 3674
8 1935
7 2691
26 12189
4 937
6 1813
4 1121
13 6064
5 1619
14 4807
9 2968
9 3985
6 2272
27 10593
13 4489
16 8954
69 25429
6 2578
8 3312
18 5507
22 7965
14 4460
12 3935
10 2901
25 8785
14 4094
10 4130
18 11739
5 1702
7 2245
14 3634
13 5269
4 864
5 1094
5 982
10 4384
23 9482
27 11461
14 3870
5 1341
5 2013
5 1451
5 2414
3 976
4 1237
10 3825
18 6702
4 1276
9 2459
3 997
26 12238
14 3852
3 545
1 1220
5 719
3 1435
4 981
2 553
3 338
2 598
3 377
4 1702
4 1514
6 1182
5 2125
38 16081
3 1274
3 288
4 2095
5 3274
3 407
4 627
3 1714
3 920
9 2916
7 1208
4 403
9 3466
3 915
2 380
14 6347
4 1595
3 206
3 1567
6 300
4 777
4 1714
3 1298
3 736
3 773
3 722
3 956
3 1018
10 7401
3 445
8 3125
3 179
3 832
2 363
4 928
5 1132
4 1321
2 622
2 204
3 958
6 3167
3 1129
9 4987
3 327
3 601
3 1147
3 1236
4 958
3 727
5 1297
3 403
3 847
3 786
3 653
7 2296
5 1006
2 852
6 3951
6 4553
5 508
3 761
11 3780
4 1976
5 1575
3 1217
3 349
8 1310
4 1590
24 11556
3 601
4 1877
3 273
3 656
3 1184
7 3567
3 1650
4 315
3 525
4 1807
3 835
2 474
3 806
3 392
16 7050
7 2768
8 4782
2 440
5 1065
3 1577
5 1426
6 3920
3 551
3 516
3 311
3 159
2 1038
3 669
4 2047
5 1541
3 375
43 20248
2 309
6 2741
6 3552
2 358
5 2465
8 4909
4 1778
3 1660
3 1192
6 2065
3 555
3 302
3 473
7 3916
3 718
8 4146
9 6101
3 906
10 5609
3 420
2 638
3 434
23 9899
5 1821
2 293
3 750
7 3936
43 20759
5 1827
3 945
5 1190
9 5231
3 738
20 6449
3 231
3 803
5 1959
2 1355
2 310
3 1615
3 980
3 420
1 105
6 1611
5 1516
4 1088
3 492
3 440
4 1925
54 26842
11 4987
4 1324
3 734
6 1996
4 799
5 1001
8 4034
7 1468
3 1068
9 5076
5 2804
8 3349
6 3970
3 923
8 3406
6 3717
1 158
9 3233
1 432
2 854
12 7534
7 3420
158 74683
2 737
3 763
3 611
3 878
4 953
7 3515
5 2349
4 675
3 333
3 1993
6 2520
9 4503
4 732
6 4854
5 719
14 6702
3 929
6 1205
3 309
6 4362
3 1034
3 1018
7 2248
7 3539
5 1505
11 6472
3 551
8 5280
5 981
4 1648
4 1118
6 3171
3 1015
8 4108
3 775
4 1672
22 9747
3 821
3 506
3 647
3 836
2 224
2 243
3 1132
4 3010
2 117
3 762
2 581
3 601
4 1551
5 2172
3 466
6 2659
2 179
9 2315
3 331
3 1072
6 1158
3 393
3 366
4 1303
7 3808
29 17529
2 561
3 742
8 2872
2 562
6 2403
3 488
7 2259
6 1307
9 1676
8 3517
5 1032
3 512
12 6017
4 1096
3 1078
1 1098
6 2833
3 271
4 597
4 2151
5 2414
25 10058
3 1616
3 683
5 2043
3 339
5 3334
3 277
3 1509
6 3021
3 1021
9 2959
4 1111
4 1197
3 765
4 1104
17 7159
3 196
6 2906
3 877
5 1123
15 8475
9 4538
2 614
4 503
12 3136
3 1216
3 537
4 469
5 1720
3 980
13 5741
7 1155
3 598
4 1534
4 769
10 3577
28 12523
7 4375
5 2116
5 1961
20 8149
3 397
4 1358
17 7231
3 255
3 693
18 8020
12 6309
5 3628
3 1838
4 1061
5 1048
3 296
4 836
3 149
4 3018
6 1997
2 588
3 726
3 1759
3 251
5 1777
12 5112
3 1146
4 334
3 1371
17 4067
2 427
5 1755
4 520
6 1120
3 718
23 8877
7 575
38 14421
8 2034
9 1782
4 636
5 1201
3 150
8 2764
3 457
5 382
6 1842
12 1660
3 444
3 247
3 659
6 1269
3 626
9 2984
6 1059
4 790
3 720
1 100
3 672
28 13330
4 810
5 1120
11 997
7 1821
8 2486
17 5479
8 1093
10 3579
3 392
10 2544
1 109
10 2869
3 235
5 1244
1 20
1 132
1 1280
1 254
1 110
1 113
1 412
1 117
1 204
1 142
1 160
1 196
1 84
1 281
1 94
1 76
1 510
1 240
1 233
1 409
